image_width: 640
image_height: 480
camera_name: ir_PS1080_PrimeSense
camera_matrix:
  rows: 3
  cols: 3
  data: [578.569126, 0, 320.754489, 0, 578.348775, 247.901306, 0, 0, 1]
distortion_model: plumb_bob
distortion_coefficients:
  rows: 1
  cols: 5
  data: [-0.018756, -0.007537, 0.00218, 0.000354, 0]
rectification_matrix:
  rows: 3
  cols: 3
  data: [1, 0, 0, 0, 1, 0, 0, 0, 1]
projection_matrix:
  rows: 3
  cols: 4
  data: [574.005005, 0, 320.458965, 0, 0, 575.012634, 248.102727, 0, 0, 0, 1, 0]