image_width: 640
image_height: 480
camera_name: rgb_PS1080_PrimeSense
camera_matrix:
  rows: 3
  cols: 3
  data: [546.558874, 0, 320.034345, 0, 546.422999, 235.85128, 0, 0, 1]
distortion_model: plumb_bob
distortion_coefficients:
  rows: 1
  cols: 5
  data: [0.057368, -0.150943, 0.003478, 0.001262, 0]
rectification_matrix:
  rows: 3
  cols: 3
  data: [1, 0, 0, 0, 1, 0, 0, 0, 1]
projection_matrix:
  rows: 3
  cols: 4
  data: [546.878052, 0, 320.275495, 0, 0, 548.477905, 236.476962, 0, 0, 0, 1, 0]