image_width: 640
image_height: 480
camera_name: rgb_PS1080_PrimeSense
camera_matrix:
  rows: 3
  cols: 3
  data: [585.187492, 0, 322.714078, 0, 585.308616, 248.626109, 0, 0, 1]
distortion_model: plumb_bob
distortion_coefficients:
  rows: 1
  cols: 5
  data: [-0.022234, 0.011668, 0.002578, 0.000202, 0]
rectification_matrix:
  rows: 3
  cols: 3
  data: [1, 0, 0, 0, 1, 0, 0, 0, 1]
projection_matrix:
  rows: 3
  cols: 4
  data: [581.227234, 0, 322.346026, 0, 0, 581.930115, 248.930556, 0, 0, 0, 1, 0]